505,4
505,3
505,2
505,1
505,0
485,5
504,4
504,3
504,2
504,1
504,0
503,7
503,6
503,5
503,3
503,2
503,1
503,0
502,4
502,3
502,2
502,1
502,0
501,3
501,2
501,1
501,0
500,3
500,2
500,1
500,0
499,8
499,7
499,6
499,5
499,4
499,3
499,2
499,1
499,0
498,7
498,6
498,5
498,4
498,3
498,2
498,1
498,0
497,5
497,4
497,3
497,2
497,1
497,0
496,4
496,3
496,2
496,1
496,0
495,3
495,2
495,1
495,0
494,4
494,3
494,2
494,1
494,0
493,3
493,2
493,1
493,0
492,4
492,3
492,2
492,1
492,0
491,3
491,2
491,1
491,0
490,4
490,3
490,2
490,1
490,0
489,3
489,2
489,1
489,0
488,3
488,2
488,1
488,0
487,5
487,4
487,3
487,2
487,1
487,0
486,3
486,2
486,1
486,0
485,4
485,3
485,2
485,1
485,0
484,3
484,2
484,1
484,0
483,3
483,2
483,1
483,0
482,3
482,2
482,1
482,0
481,3
481,2
481,1
481,0
480,3
480,2
480,1
480,0
479,3
479,2
479,1
479,0
478,3
478,2
478,1
478,0
477,3
477,2
477,1
477,0
476,3
476,2
476,1
476,0
475,3
475,2
475,1
475,0
474,3
474,2
474,1
474,0
473,3
473,2
473,1
473,0
472,3
472,2
472,1
472,0
471,3
471,2
471,1
471,0
470,3
470,2
470,1
470,0
469,3
469,2
469,1
469,0
468,3
468,2
468,1
468,0
467,3
467,2
467,1
467,0
466,3
466,2
466,1
466,0
465,3
465,2
465,1
465,0
464,4
464,3
464,2
464,1
464,0
463,7
463,6
463,5
463,3
463,2
463,1
463,0
462,4
462,3
462,2
462,1
462,0
461,3
461,2
461,1
461,0
460,3
460,2
460,1
460,0
459,8
459,7
459,6
459,5
459,4
459,3
459,2
459,1
459,0
458,7
458,6
458,5
458,4
458,3
458,2
458,1
458,0
457,5
457,4
457,3
457,2
457,1
457,0
456,4
456,3
456,2
456,1
456,0
455,3
455,2
455,1
455,0
454,4
454,3
454,2
454,1
454,0
453,3
453,2
453,1
453,0
452,4
452,3
452,2
452,1
452,0
451,3
451,2
451,1
451,0
450,4
450,3
450,2
450,1
450,0
449,3
449,2
449,1
449,0
448,3
448,2
448,1
448,0
447,5
447,4
447,3
447,2
447,1
447,0
446,3
446,2
446,1
446,0
445,4
445,3
445,2
445,1
445,0
444,3
444,2
444,1
444,0
443,4
443,3
443,2
443,1
443,0
423,5
442,4
442,3
442,2
442,1
442,0
441,7
441,6
441,5
441,3
441,2
441,1
441,0
440,4
440,3
440,2
440,1
440,0
439,3
439,2
439,1
439,0
438,3
438,2
438,1
438,0
437,8
437,7
437,6
437,5
437,4
437,3
437,2
437,1
437,0
436,7
436,6
436,5
436,4
436,3
436,2
436,1
436,0
435,5
435,4
435,3
435,2
435,1
435,0
434,4
434,3
434,2
434,1
434,0
433,3
433,2
433,1
433,0
432,4
432,3
432,2
432,1
432,0
431,3
431,2
431,1
431,0
430,4
430,3
430,2
430,1
430,0
429,3
429,2
429,1
429,0
428,4
428,3
428,2
428,1
428,0
427,3
427,2
427,1
427,0
426,3
426,2
426,1
426,0
425,5
425,4
425,3
425,2
425,1
425,0
424,3
424,2
424,1
424,0
423,4
423,3
423,2
423,1
423,0
422,3
422,2
422,1
422,0
421,4
421,3
421,2
421,1
421,0
401,5
420,4
420,3
420,2
420,1
420,0
419,7
419,6
419,5
419,3
419,2
419,1
419,0
418,4
418,3
418,2
418,1
418,0
417,3
417,2
417,1
417,0
416,3
416,2
416,1
416,0
415,8
415,7
415,6
415,5
415,4
415,3
415,2
415,1
415,0
414,7
414,6
414,5
414,4
414,3
414,2
414,1
414,0
413,5
413,4
413,3
413,2
413,1
413,0
412,4
412,3
412,2
412,1
412,0
411,3
411,2
411,1
411,0
410,4
410,3
410,2
410,1
410,0
409,3
409,2
409,1
409,0
408,4
408,3
408,2
408,1
408,0
407,3
407,2
407,1
407,0
406,4
406,3
406,2
406,1
406,0
405,3
405,2
405,1
405,0
404,3
404,2
404,1
404,0
403,5
403,4
403,3
403,2
403,1
403,0
402,3
402,2
402,1
402,0
401,4
401,3
401,2
401,1
401,0
400,3
400,2
400,1
400,0
399,4
399,3
399,2
399,1
399,0
379,5
398,4
398,3
398,2
398,1
398,0
397,7
397,6
397,5
397,3
397,2
397,1
397,0
396,4
396,3
396,2
396,1
396,0
395,3
395,2
395,1
395,0
394,3
394,2
394,1
394,0
393,8
393,7
393,6
393,5
393,4
393,3
393,2
393,1
393,0
392,7
392,6
392,5
392,4
392,3
392,2
392,1
392,0
391,5
391,4
391,3
391,2
391,1
391,0
390,4
390,3
390,2
390,1
390,0
389,3
389,2
389,1
389,0
388,4
388,3
388,2
388,1
388,0
387,3
387,2
387,1
387,0
386,4
386,3
386,2
386,1
386,0
385,3
385,2
385,1
385,0
384,4
384,3
384,2
384,1
384,0
383,3
383,2
383,1
383,0
382,3
382,2
382,1
382,0
381,5
381,4
381,3
381,2
381,1
381,0
380,3
380,2
380,1
380,0
379,4
379,3
379,2
379,1
379,0
378,3
378,2
378,1
378,0
377,4
377,3
377,2
377,1
377,0
357,5
376,4
376,3
376,2
376,1
376,0
375,7
375,6
375,5
375,3
375,2
375,1
375,0
374,4
374,3
374,2
374,1
374,0
373,3
373,2
373,1
373,0
372,3
372,2
372,1
372,0
371,8
371,7
371,6
371,5
371,4
371,3
371,2
371,1
371,0
370,7
370,6
370,5
370,4
370,3
370,2
370,1
370,0
369,5
369,4
369,3
369,2
369,1
369,0
368,4
368,3
368,2
368,1
368,0
367,3
367,2
367,1
367,0
366,4
366,3
366,2
366,1
366,0
365,3
365,2
365,1
365,0
364,4
364,3
364,2
364,1
364,0
363,3
363,2
363,1
363,0
362,4
362,3
362,2
362,1
362,0
361,3
361,2
361,1
361,0
360,3
360,2
360,1
360,0
359,5
359,4
359,3
359,2
359,1
359,0
358,3
358,2
358,1
358,0
357,4
357,3
357,2
357,1
357,0
356,3
356,2
356,1
356,0
355,4
355,3
355,2
355,1
355,0
335,5
354,4
354,3
354,2
354,1
354,0
353,7
353,6
353,5
353,3
353,2
353,1
353,0
352,4
352,3
352,2
352,1
352,0
351,3
351,2
351,1
351,0
350,3
350,2
350,1
350,0
349,8
349,7
349,6
349,5
349,4
349,3
349,2
349,1
349,0
348,7
348,6
348,5
348,4
348,3
348,2
348,1
348,0
347,5
347,4
347,3
347,2
347,1
347,0
346,4
346,3
346,2
346,1
346,0
345,3
345,2
345,1
345,0
344,4
344,3
344,2
344,1
344,0
343,3
343,2
343,1
343,0
342,4
342,3
342,2
342,1
342,0
341,3
341,2
341,1
341,0
340,4
340,3
340,2
340,1
340,0
339,3
339,2
339,1
339,0
338,3
338,2
338,1
338,0
337,5
337,4
337,3
337,2
337,1
337,0
336,3
336,2
336,1
336,0
335,4
335,3
335,2
335,1
335,0
334,3
334,2
334,1
334,0
333,4
333,3
333,2
333,1
333,0
313,5
332,4
332,3
332,2
332,1
332,0
331,7
331,6
331,5
331,3
331,2
331,1
331,0
330,4
330,3
330,2
330,1
330,0
329,3
329,2
329,1
329,0
328,3
328,2
328,1
328,0
327,8
327,7
327,6
327,5
327,4
327,3
327,2
327,1
327,0
326,7
326,6
326,5
326,4
326,3
326,2
326,1
326,0
325,5
325,4
325,3
325,2
325,1
325,0
324,4
324,3
324,2
324,1
324,0
323,3
323,2
323,1
323,0
322,4
322,3
322,2
322,1
322,0
321,3
321,2
321,1
321,0
320,4
320,3
320,2
320,1
320,0
319,3
319,2
319,1
319,0
318,4
318,3
318,2
318,1
318,0
317,3
317,2
317,1
317,0
316,3
316,2
316,1
316,0
315,5
315,4
315,3
315,2
315,1
315,0
314,3
314,2
314,1
314,0
313,4
313,3
313,2
313,1
313,0
312,3
312,2
312,1
312,0
311,4
311,3
311,2
311,1
311,0
291,5
310,4
310,3
310,2
310,1
310,0
309,7
309,6
309,5
309,3
309,2
309,1
309,0
308,4
308,3
308,2
308,1
308,0
307,3
307,2
307,1
307,0
306,3
306,2
306,1
306,0
305,8
305,7
305,6
305,5
305,4
305,3
305,2
305,1
305,0
304,7
304,6
304,5
304,4
304,3
304,2
304,1
304,0
303,5
303,4
303,3
303,2
303,1
303,0
302,4
302,3
302,2
302,1
302,0
301,3
301,2
301,1
301,0
300,4
300,3
300,2
300,1
300,0
299,3
299,2
299,1
299,0
298,4
298,3
298,2
298,1
298,0
297,3
297,2
297,1
297,0
296,4
296,3
296,2
296,1
296,0
295,3
295,2
295,1
295,0
294,3
294,2
294,1
294,0
293,5
293,4
293,3
293,2
293,1
293,0
292,3
292,2
292,1
292,0
291,4
291,3
291,2
291,1
291,0
290,3
290,2
290,1
290,0
289,4
289,3
289,2
289,1
289,0
269,5
288,4
288,3
288,2
288,1
288,0
287,7
287,6
287,5
287,3
287,2
287,1
287,0
286,4
286,3
286,2
286,1
286,0
285,3
285,2
285,1
285,0
284,3
284,2
284,1
284,0
283,8
283,7
283,6
283,5
283,4
283,3
283,2
283,1
283,0
282,7
282,6
282,5
282,4
282,3
282,2
282,1
282,0
281,5
281,4
281,3
281,2
281,1
281,0
280,4
280,3
280,2
280,1
280,0
279,3
279,2
279,1
279,0
278,4
278,3
278,2
278,1
278,0
277,3
277,2
277,1
277,0
276,4
276,3
276,2
276,1
276,0
275,3
275,2
275,1
275,0
274,4
274,3
274,2
274,1
274,0
273,3
273,2
273,1
273,0
272,3
272,2
272,1
272,0
271,5
271,4
271,3
271,2
271,1
271,0
270,3
270,2
270,1
270,0
269,4
269,3
269,2
269,1
269,0
268,3
268,2
268,1
268,0
267,4
267,3
267,2
267,1
267,0
247,5
266,4
266,3
266,2
266,1
266,0
265,7
265,6
265,5
265,3
265,2
265,1
265,0
264,4
264,3
264,2
264,1
264,0
263,3
263,2
263,1
263,0
262,3
262,2
262,1
262,0
261,8
261,7
261,6
261,5
261,4
261,3
261,2
261,1
261,0
260,7
260,6
260,5
260,4
260,3
260,2
260,1
260,0
259,5
259,4
259,3
259,2
259,1
259,0
258,4
258,3
258,2
258,1
258,0
257,3
257,2
257,1
257,0
256,4
256,3
256,2
256,1
256,0
255,3
255,2
255,1
255,0
254,4
254,3
254,2
254,1
254,0
253,3
253,2
253,1
253,0
252,4
252,3
252,2
252,1
252,0
251,3
251,2
251,1
251,0
250,3
250,2
250,1
250,0
249,5
249,4
249,3
249,2
249,1
249,0
248,3
248,2
248,1
248,0
247,4
247,3
247,2
247,1
247,0
246,3
246,2
246,1
246,0
245,4
245,3
245,2
245,1
245,0
225,5
244,4
244,3
244,2
244,1
244,0
243,7
243,6
243,5
243,3
243,2
243,1
243,0
242,4
242,3
242,2
242,1
242,0
241,3
241,2
241,1
241,0
240,3
240,2
240,1
240,0
239,8
239,7
239,6
239,5
239,4
239,3
239,2
239,1
239,0
238,7
238,6
238,5
238,4
238,3
238,2
238,1
238,0
237,5
237,4
237,3
237,2
237,1
237,0
236,4
236,3
236,2
236,1
236,0
235,3
235,2
235,1
235,0
234,4
234,3
234,2
234,1
234,0
233,3
233,2
233,1
233,0
232,4
232,3
232,2
232,1
232,0
231,3
231,2
231,1
231,0
230,4
230,3
230,2
230,1
230,0
229,3
229,2
229,1
229,0
228,3
228,2
228,1
228,0
227,5
227,4
227,3
227,2
227,1
227,0
226,3
226,2
226,1
226,0
225,4
225,3
225,2
225,1
225,0
224,3
224,2
224,1
224,0
223,4
223,3
223,2
223,1
223,0
203,5
222,4
222,3
222,2
222,1
222,0
221,7
221,6
221,5
221,3
221,2
221,1
221,0
220,4
220,3
220,2
220,1
220,0
219,3
219,2
219,1
219,0
218,3
218,2
218,1
218,0
217,8
217,7
217,6
217,5
217,4
217,3
217,2
217,1
217,0
216,7
216,6
216,5
216,4
216,3
216,2
216,1
216,0
215,5
215,4
215,3
215,2
215,1
215,0
214,4
214,3
214,2
214,1
214,0
213,3
213,2
213,1
213,0
212,4
212,3
212,2
212,1
212,0
211,3
211,2
211,1
211,0
210,4
210,3
210,2
210,1
210,0
209,3
209,2
209,1
209,0
208,4
208,3
208,2
208,1
208,0
207,3
207,2
207,1
207,0
206,3
206,2
206,1
206,0
205,5
205,4
205,3
205,2
205,1
205,0
204,3
204,2
204,1
204,0
203,4
203,3
203,2
203,1
203,0
202,3
202,2
202,1
202,0
201,4
201,3
201,2
201,1
201,0
181,5
200,4
200,3
200,2
200,1
200,0
199,7
199,6
199,5
199,3
199,2
199,1
199,0
198,4
198,3
198,2
198,1
198,0
197,3
197,2
197,1
197,0
196,3
196,2
196,1
196,0
195,8
195,7
195,6
195,5
195,4
195,3
195,2
195,1
195,0
194,7
194,6
194,5
194,4
194,3
194,2
194,1
194,0
193,5
193,4
193,3
193,2
193,1
193,0
192,4
192,3
192,2
192,1
192,0
191,3
191,2
191,1
191,0
190,4
190,3
190,2
190,1
190,0
189,3
189,2
189,1
189,0
188,4
188,3
188,2
188,1
188,0
187,3
187,2
187,1
187,0
186,4
186,3
186,2
186,1
186,0
185,3
185,2
185,1
185,0
184,3
184,2
184,1
184,0
183,5
183,4
183,3
183,2
183,1
183,0
182,3
182,2
182,1
182,0
181,4
181,3
181,2
181,1
181,0
180,3
180,2
180,1
180,0
179,4
179,3
179,2
179,1
179,0
159,5
178,4
178,3
178,2
178,1
178,0
177,7
177,6
177,5
177,3
177,2
177,1
177,0
176,4
176,3
176,2
176,1
176,0
175,3
175,2
175,1
175,0
174,3
174,2
174,1
174,0
173,8
173,7
173,6
173,5
173,4
173,3
173,2
173,1
173,0
172,7
172,6
172,5
172,4
172,3
172,2
172,1
172,0
171,5
171,4
171,3
171,2
171,1
171,0
170,4
170,3
170,2
170,1
170,0
169,3
169,2
169,1
169,0
168,4
168,3
168,2
168,1
168,0
167,3
167,2
167,1
167,0
166,4
166,3
166,2
166,1
166,0
165,3
165,2
165,1
165,0
164,4
164,3
164,2
164,1
164,0
163,3
163,2
163,1
163,0
162,3
162,2
162,1
162,0
161,5
161,4
161,3
161,2
161,1
161,0
160,3
160,2
160,1
160,0
159,4
159,3
159,2
159,1
159,0
158,3
158,2
158,1
158,0
157,4
157,3
157,2
157,1
157,0
137,5
156,4
156,3
156,2
156,1
156,0
155,7
155,6
155,5
155,3
155,2
155,1
155,0
154,4
154,3
154,2
154,1
154,0
153,3
153,2
153,1
153,0
152,3
152,2
152,1
152,0
151,8
151,7
151,6
151,5
151,4
151,3
151,2
151,1
151,0
150,7
150,6
150,5
150,4
150,3
150,2
150,1
150,0
149,5
149,4
149,3
149,2
149,1
149,0
148,4
148,3
148,2
148,1
148,0
147,3
147,2
147,1
147,0
146,4
146,3
146,2
146,1
146,0
145,3
145,2
145,1
145,0
144,4
144,3
144,2
144,1
144,0
143,3
143,2
143,1
143,0
142,4
142,3
142,2
142,1
142,0
141,3
141,2
141,1
141,0
140,3
140,2
140,1
140,0
139,5
139,4
139,3
139,2
139,1
139,0
138,3
138,2
138,1
138,0
137,4
137,3
137,2
137,1
137,0
136,3
136,2
136,1
136,0
135,4
135,3
135,2
135,1
135,0
115,5
134,4
134,3
134,2
134,1
134,0
133,7
133,6
133,5
133,3
133,2
133,1
133,0
132,4
132,3
132,2
132,1
132,0
131,3
131,2
131,1
131,0
130,3
130,2
130,1
130,0
129,8
129,7
129,6
129,5
129,4
129,3
129,2
129,1
129,0
128,7
128,6
128,5
128,4
128,3
128,2
128,1
128,0
127,5
127,4
127,3
127,2
127,1
127,0
126,4
126,3
126,2
126,1
126,0
125,3
125,2
125,1
125,0
124,4
124,3
124,2
124,1
124,0
123,3
123,2
123,1
123,0
122,4
122,3
122,2
122,1
122,0
121,3
121,2
121,1
121,0
120,4
120,3
120,2
120,1
120,0
119,3
119,2
119,1
119,0
118,3
118,2
118,1
118,0
117,5
117,4
117,3
117,2
117,1
117,0
116,3
116,2
116,1
116,0
115,4
115,3
115,2
115,1
115,0
114,3
114,2
114,1
114,0
113,4
113,3
113,2
113,1
113,0
93,5
112,4
112,3
112,2
112,1
112,0
111,7
111,6
111,5
111,3
111,2
111,1
111,0
110,4
110,3
110,2
110,1
110,0
109,3
109,2
